seed = 6

[data]
path = 'data/california_housing'
y_policy = 'mean_std'

[fit]
early_stopping_rounds = 50
verbose = true

[model]
colsample_bytree = 0.6341668249481799
learning_rate = 0.05103975648870699
min_child_samples = 7
min_child_weight = 1.203249737205825e-05
n_estimators = 2000
n_jobs = 1
num_leaves = 89
reg_lambda = 0.003072399858684232
subsample = 0.9400969821656356
