seed = 10

[data]
normalization = 'quantile'
path = 'data/higgs_small'

[model]
d_layers = [ 231, 121 ]
dropout = 0.4896848511498748

[training]
batch_size = 512
eval_batch_size = 8192
lr = 0.0007537468376056318
n_epochs = 1000000000
optimizer = 'adamw'
patience = 16
weight_decay = 0.0
