seed = 4

[data]
normalization = 'quantile_normal'
path = 'data/higgs_small'

[model]
d_layers = [ 111, 332 ]
dropout = 0.3190004413749241

[training]
batch_size = 512
eval_batch_size = 8192
lr = 0.002821010166764868
n_epochs = 1000000000
optimizer = 'adamw'
patience = 16
weight_decay = 0.0001676915104434935
