seed = 9

[data]
normalization = 'quantile'
path = 'data/higgs_small'

[model]
d_layers = [ 203, 375 ]
dropout = 0.4815507289816494

[training]
batch_size = 512
eval_batch_size = 8192
lr = 0.001548517111288602
n_epochs = 1000000000
optimizer = 'adamw'
patience = 16
weight_decay = 0.0002834098995149066
