seed = 9

[data]
path = 'data/microsoft'
y_policy = 'mean_std'

[fit]
early_stopping_rounds = 50
verbose = false

[model]
alpha = 0
booster = 'gbtree'
colsample_bylevel = 0.7060530003629991
colsample_bytree = 0.9138184195148827
gamma = 0
lambda = 0
learning_rate = 0.008688282070718695
max_depth = 10
min_child_weight = 5.352434194239946
n_estimators = 2000
n_jobs = -1
subsample = 0.8613165170325212
tree_method = 'gpu_hist'
