seed = 3

[data]
path = 'data/higgs_small'
y_policy = 'mean_std'

[fit]
early_stopping_rounds = 50
verbose = true

[model]
colsample_bytree = 0.7999440674588046
learning_rate = 0.04183849804413404
min_child_samples = 81
min_child_weight = 0.00676057460469568
n_estimators = 2000
n_jobs = 1
num_leaves = 94
reg_lambda = 0.006637134146517112
subsample = 0.6165566522563218
