seed = 10

[data]
path = 'data/epsilon'

[model]
batch_momentum = 0.99
feature_dim = 16
num_decision_steps = 9
relaxation_factor = 1.05621730808912
virtual_batch_size = 512

[training]
batch_size = 4096
display_steps = 5
epochs = 50000
grad_thresh = 2000.0
patience = 16
sparsity_loss_weight = 2.04916774387818e-05

    [training.schedule]
    decay_rate = 0.5746521730180812
    decay_steps = 500
    learning_rate = 0.001241495832127813
