seed = 4

[data]
normalization = 'quantile'
path = 'data/jannis'

[model]
d_layers = [ 103, 249 ]
dropout = 0.193104114830125

[training]
batch_size = 512
eval_batch_size = 8192
lr = 0.0004464303067881836
n_epochs = 1000000000
optimizer = 'adamw'
patience = 16
weight_decay = 0.0001047720882274504
