seed = 13

[data]
normalization = 'quantile'
path = 'data/covtype'

[model]
batch_momentum = 0.95
feature_dim = 64
num_decision_steps = 4
relaxation_factor = 1.94108401812561
virtual_batch_size = 512

[training]
batch_size = 16384
display_steps = 100
epochs = 50000
grad_thresh = 2000.0
patience = 16
sparsity_loss_weight = 0.0009207724255049557

    [training.schedule]
    decay_rate = 0.7334326000970233
    decay_steps = 500
    learning_rate = 0.007960556040014931
