seed = 12

[data]
path = 'data/epsilon'

[model]
d_layers = [ 659, 519 ]
dropout = 0.02666417091576795

[training]
eval_batch_size = 8192
lr = 0.0001101102378916963
lr_n_decays = 0
n_epochs = 1000000000
optimizer = 'adamw'
patience = 16
weight_decay = 3.139165729748875e-05
