seed = 10

[data]
normalization = 'quantile_normal'
path = 'data/higgs_small'

[model]
batch_momentum = 0.95
feature_dim = 32
num_decision_steps = 3
relaxation_factor = 1.832240104499071
virtual_batch_size = 256

[training]
batch_size = 8192
display_steps = 100
epochs = 50000
grad_thresh = 2000.0
patience = 16
sparsity_loss_weight = 0.01039333876447232

    [training.schedule]
    decay_rate = 0.7684577182816277
    decay_steps = 2000
    learning_rate = 0.002869746446659768
