seed = 10

[data]
normalization = 'quantile_normal'
path = 'data/higgs_small'

[model]
batch_momentum = 0.95
feature_dim = 32
num_decision_steps = 5
relaxation_factor = 1.121881458325204
virtual_batch_size = 256

[training]
batch_size = 8192
display_steps = 100
epochs = 50000
grad_thresh = 2000.0
patience = 16
sparsity_loss_weight = 0.0005892031632335643

    [training.schedule]
    decay_rate = 0.8243004600632754
    decay_steps = 2000
    learning_rate = 0.001732396133745039
