seed = 0

[data]
normalization = 'quantile'
path = 'data/microsoft'
y_policy = 'mean_std'

[model]
cross_dropout = 0.4774870424774039
d = 499
hidden_dropout = 0.2433790345878681
n_cross_layers = 16
n_hidden_layers = 13
stacked = false

[training]
batch_size = 1024
eval_batch_size = 8192
lr = 9.288695823267343e-05
n_epochs = 1000000000
optimizer = 'adamw'
patience = 16
weight_decay = 3.265234660422098e-06
