seed = 6

[data]
path = 'data/higgs_small'

[fit]
early_stopping_rounds = 50
verbose = false

[model]
alpha = 0.004996404154356221
booster = 'gbtree'
colsample_bylevel = 0.7976721528182247
colsample_bytree = 0.9804002446740339
gamma = 1.036285204894603e-08
lambda = 28.82826008575389
learning_rate = 0.01462718983503941
max_depth = 7
min_child_weight = 5.036341653699023e-05
n_estimators = 2000
n_jobs = -1
subsample = 0.5977161367370871
tree_method = 'gpu_hist'
