seed = 4

[data]
normalization = 'quantile'
path = 'data/jannis'

[model]
d_layers = [ 207, 162, 162, 162, 162, 333 ]
dropout = 0.07316473400236903

[training]
batch_size = 512
eval_batch_size = 8192
lr = 0.0001851485032723657
n_epochs = 1000000000
optimizer = 'adamw'
patience = 16
weight_decay = 2.48803983403264e-05
