seed = 13

[data]
path = 'data/epsilon'

[model]
activation = 'relu'
d = 345
d_hidden_factor = 2.382820519109178
hidden_dropout = 0.4699429446295502
n_layers = 7
normalization = 'batchnorm'
residual_dropout = 0.3748513101145077

[training]
batch_size = 1024
eval_batch_size = 8192
lr = 1.176217687812856e-05
n_epochs = 1000000000
optimizer = 'adamw'
patience = 16
weight_decay = 0.0
