seed = 1

[data]
normalization = 'quantile'
path = 'data/higgs_small'

[model]
batch_momentum = 0.95
feature_dim = 32
num_decision_steps = 3
relaxation_factor = 1.431878429694342
virtual_batch_size = 256

[training]
batch_size = 8192
display_steps = 100
epochs = 50000
grad_thresh = 2000.0
patience = 16
sparsity_loss_weight = 1.392727528367095e-05

    [training.schedule]
    decay_rate = 0.7167016444047462
    decay_steps = 500
    learning_rate = 0.002329851821059654
