seed = 11

[data]
normalization = 'quantile_normal'
path = 'data/covtype'

[model]
d_layers = [ 742, 321, 321, 321, 321, 321, 321, 321, 321, 321, 489 ]
dropout = 0.07329539254837418

[training]
eval_batch_size = 8192
lr = 0.0005784179104762337
lr_n_decays = 0
n_epochs = 1000000000
optimizer = 'adam'
patience = 16
weight_decay = 0
