seed = 9

[data]
normalization = 'quantile'
path = 'data/covtype'

[model]
d_layers = [ 459, 159, 159, 159, 159, 159, 159, 159, 159, 159, 159, 159, 159, 159, 159, 159, 159, 159, 159, 159, 159, 159, 796 ]
dropout = 0.002500274824097783

[training]
eval_batch_size = 8192
lr = 7.088107242717732e-05
lr_n_decays = 0
n_epochs = 1000000000
optimizer = 'adamw'
patience = 16
weight_decay = 0.0001751954900066363
