seed = 14

[data]
normalization = 'quantile'
path = 'data/covtype'

[model]
d_layers = [ 862, 444, 444, 444, 444, 444, 654 ]
dropout = 0.08104709141522753

[training]
batch_size = 1024
eval_batch_size = 8192
lr = 6.291946534954244e-05
n_epochs = 1000000000
optimizer = 'adamw'
patience = 16
weight_decay = 0.0
