seed = 7

[data]
normalization = 'standard'
path = 'data/helena'

[model]
cross_dropout = 0.3975710733000225
d = 312
hidden_dropout = 0.3286512541120152
n_cross_layers = 1
n_hidden_layers = 3
stacked = false

[training]
batch_size = 512
eval_batch_size = 8192
lr = 0.0002477241548355758
n_epochs = 1000000000
optimizer = 'adamw'
patience = 16
weight_decay = 0.0
