seed = 10

[data]
normalization = 'quantile'
path = 'data/year'
y_policy = 'mean_std'

[model]
cross_dropout = 0.4040158764562322
d = 790
hidden_dropout = 0.1847260514372382
n_cross_layers = 16
n_hidden_layers = 2
stacked = false

[training]
batch_size = 1024
eval_batch_size = 8192
lr = 1.163994731078931e-05
n_epochs = 1000000000
optimizer = 'adamw'
patience = 16
weight_decay = 0.0001081377201057409
