seed = 2

[data]
normalization = 'quantile_normal'
path = 'data/jannis'

[model]
d_layers = [ 345, 292 ]
dropout = 0.4181025350253268

[training]
batch_size = 512
eval_batch_size = 8192
lr = 0.0002566708425654976
n_epochs = 1000000000
optimizer = 'adamw'
patience = 16
weight_decay = 5.455874873083822e-05
