seed = 12

[data]
path = 'data/epsilon'

[model]
activation = 'relu'
d = 435
d_hidden_factor = 1.368835604177844
hidden_dropout = 0.4264710650465512
n_layers = 15
normalization = 'batchnorm'
residual_dropout = 0.3195318174561529

[training]
batch_size = 1024
eval_batch_size = 8192
lr = 1.003584725994316e-05
n_epochs = 1000000000
optimizer = 'adamw'
patience = 16
weight_decay = 0.0
