seed = 3

[data]
path = 'data/covtype'

[fit]
early_stopping_rounds = 50
verbose = false

[model]
alpha = 0
booster = 'gbtree'
colsample_bylevel = 0.9710086165983419
colsample_bytree = 0.9990695099861393
gamma = 1.165234872323235e-05
lambda = 0.2638102657215051
learning_rate = 0.08648772964674553
max_depth = 10
min_child_weight = 0.001878663461492918
n_estimators = 2000
n_jobs = -1
subsample = 0.8551184218957611
tree_method = 'gpu_hist'
