seed = 6

[data]
path = 'data/covtype'

[fit]
early_stopping_rounds = 50
verbose = false

[model]
alpha = 0
booster = 'gbtree'
colsample_bylevel = 0.8406710098404684
colsample_bytree = 0.8667919077836221
gamma = 0
lambda = 1.128737074648208e-05
learning_rate = 0.3323110195303743
max_depth = 10
min_child_weight = 7.422952670950539e-07
n_estimators = 2000
n_jobs = -1
subsample = 0.9990591864799677
tree_method = 'gpu_hist'
