seed = 14

[data]
normalization = 'quantile_normal'
path = 'data/higgs_small'

[model]
d_layers = [ 211, 58, 58, 58, 58, 58, 58, 58, 58, 58, 58, 58, 58, 300 ]
dropout = 0.06522080598170497

[training]
eval_batch_size = 8192
lr = 0.001289887238362775
lr_n_decays = 0
n_epochs = 1000000000
optimizer = 'adam'
patience = 16
weight_decay = 0.0001408195040266612
