seed = 5

[data]
normalization = 'quantile'
path = 'data/jannis'

[model]
d_layers = [ 61, 325, 512 ]
dropout = 0.05467243119081682

[training]
batch_size = 512
eval_batch_size = 8192
lr = 0.0006867880672978815
n_epochs = 1000000000
optimizer = 'adamw'
patience = 16
weight_decay = 0.0
