seed = 2

[data]
normalization = 'quantile'
path = 'data/jannis'

[model]
activation = 'reglu'
attention_dropout = 0.2415178800276987
d_ffn_factor = 2.099778187441355
d_token = 352
ffn_dropout = 0.3678953053038987
initialization = 'kaiming'
n_heads = 8
n_layers = 2
prenormalization = true
residual_dropout = 0.02563835904124223

[training]
batch_size = 512
eval_batch_size = 8192
lr = 9.313688578615114e-05
n_epochs = 1000000000
optimizer = 'adamw'
patience = 16
weight_decay = 2.702418205934538e-05
