seed = 2

[data]
normalization = 'quantile'
path = 'data/covtype'

[model]
batch_momentum = 0.7669769550472259
feature_dim = 128
num_decision_steps = 8
relaxation_factor = 1.566872502340137
virtual_batch_size = 512

[training]
batch_size = 16384
display_steps = 100
epochs = 50000
grad_thresh = 2000.0
patience = 16
sparsity_loss_weight = 1.011553289187822e-06

    [training.schedule]
    decay_rate = 0.4782177256032754
    decay_steps = 2000
    learning_rate = 0.005227388721203438
