seed = 10

[data]
normalization = 'standard'
path = 'data/helena'

[model]
batch_momentum = 0.95
feature_dim = 128
num_decision_steps = 8
relaxation_factor = 1.562894601152047
virtual_batch_size = 256

[training]
batch_size = 2048
display_steps = 100
epochs = 50000
grad_thresh = 2000.0
patience = 16
sparsity_loss_weight = 0.08682685285524552

    [training.schedule]
    decay_rate = 0.5294309401296896
    decay_steps = 100
    learning_rate = 0.005578325096284407
