seed = 12

[data]
path = 'data/epsilon'

[model]
d_layers = [ 481, 156 ]
dropout = 0.0

[training]
batch_size = 1024
eval_batch_size = 8192
lr = 2.553049137163297e-05
n_epochs = 1000000000
optimizer = 'adamw'
patience = 16
weight_decay = 4.151903192558631e-05
