seed = 5

[data]
normalization = 'standard'
path = 'data/aloi'

[model]
batch_momentum = 0.95
feature_dim = 128
num_decision_steps = 10
relaxation_factor = 1.317589083753136
virtual_batch_size = 256

[training]
batch_size = 8192
display_steps = 100
epochs = 50000
grad_thresh = 2000.0
patience = 16
sparsity_loss_weight = 1.112431043028531e-05

    [training.schedule]
    decay_rate = 0.6041782690504331
    decay_steps = 500
    learning_rate = 0.002284843326981533
