seed = 13

[data]
normalization = 'quantile'
path = 'data/higgs_small'

[model]
activation = 'reglu'
attention_dropout = 0.2285776112227358
d_ffn_factor = 2.44721762662163
d_token = 264
ffn_dropout = 0.3224216086083693
initialization = 'kaiming'
n_heads = 8
n_layers = 2
prenormalization = true
residual_dropout = 0.0

[training]
batch_size = 512
eval_batch_size = 8192
lr = 2.520396383745548e-05
n_epochs = 1000000000
optimizer = 'adamw'
patience = 16
weight_decay = 1.871343748594096e-05
