seed = 10

[data]
path = 'data/helena'

[fit]
early_stopping_rounds = 50
verbose = false

[model]
alpha = 1.110467553759515e-05
booster = 'gbtree'
colsample_bylevel = 0.8274162250392103
colsample_bytree = 0.9906479580282723
gamma = 0
lambda = 0
learning_rate = 0.0189060853629593
max_depth = 10
min_child_weight = 10.93932956392804
n_estimators = 2000
n_jobs = -1
subsample = 0.6055291258711764
tree_method = 'gpu_hist'
