seed = 12

[data]
path = 'data/helena'

[fit]
early_stopping_rounds = 50
verbose = false

[model]
alpha = 0
booster = 'gbtree'
colsample_bylevel = 0.917306596538529
colsample_bytree = 0.9998741403252751
gamma = 0
lambda = 58.57076308821588
learning_rate = 0.02785012684915902
max_depth = 5
min_child_weight = 0.0992631244668065
n_estimators = 2000
n_jobs = -1
subsample = 0.7064335918365958
tree_method = 'gpu_hist'
