seed = 11

[data]
normalization = 'quantile'
path = 'data/jannis'

[model]
cross_dropout = 0.0
d = 283
hidden_dropout = 0.3480184574329006
n_cross_layers = 1
n_hidden_layers = 2
stacked = false

[training]
batch_size = 512
eval_batch_size = 8192
lr = 0.0001894503525622219
n_epochs = 1000000000
optimizer = 'adamw'
patience = 16
weight_decay = 0.0009500154965366728
