seed = 11

[data]
cat_policy = 'indices'
path = 'data/adult'
y_policy = 'mean_std'

[fit]
early_stopping_rounds = 50
verbose = true

[model]
colsample_bytree = 0.7520316396425557
learning_rate = 0.03012327705724217
min_child_samples = 8
min_child_weight = 0.00794616343686661
n_estimators = 2000
n_jobs = 1
num_leaves = 40
reg_lambda = 0.003343640211399975
subsample = 0.9425389542354896
