seed = 2

[data]
normalization = 'standard'
path = 'data/helena'

[model]
d_layers = [ 453, 302, 302, 302, 452 ]
dropout = 0.01853764069690209

[training]
batch_size = 512
eval_batch_size = 8192
lr = 4.107414487457017e-05
n_epochs = 1000000000
optimizer = 'adamw'
patience = 16
weight_decay = 0.0001006865753948651
