seed = 0

[data]
normalization = 'quantile_normal'
path = 'data/covtype'

[model]
activation = 'reglu'
attention_dropout = 0.0402341673136828
d_ffn_factor = 1.333333333333333
d_token = 296
ffn_dropout = 0.2354131022697902
initialization = 'kaiming'
n_heads = 8
n_layers = 2
prenormalization = true
residual_dropout = 0.0

[training]
batch_size = 1024
eval_batch_size = 8192
lr = 8.960146154277601e-05
n_epochs = 1000000000
optimizer = 'adamw'
patience = 16
weight_decay = 7.429471681422867e-06
