seed = 10

[data]
path = 'data/yahoo'
y_policy = 'mean_std'

[fit]
early_stopping_rounds = 50
verbose = false

[model]
alpha = 2.245127960171405e-06
booster = 'gbtree'
colsample_bylevel = 0.5852245168695216
colsample_bytree = 0.7162631401486097
gamma = 6.696041935302954e-08
lambda = 0
learning_rate = 0.02675504182392562
max_depth = 10
min_child_weight = 4.563861637545892e-08
n_estimators = 2000
n_jobs = -1
subsample = 0.7631921007414002
tree_method = 'gpu_hist'
