seed = 14

[data]
normalization = 'standard'
path = 'data/aloi'

[model]
activation = 'reglu'
attention_dropout = 0.09787670784308798
d_ffn_factor = 1.333333333333333
d_token = 288
ffn_dropout = 0.2343226573344421
initialization = 'kaiming'
n_heads = 8
n_layers = 2
prenormalization = true
residual_dropout = 0.0

[training]
batch_size = 512
eval_batch_size = 8192
lr = 4.416158606411414e-05
n_epochs = 1000000000
optimizer = 'adamw'
patience = 16
weight_decay = 4.671445569232747e-06
