seed = 3

[data]
cat_policy = 'indices'
normalization = 'quantile'
path = 'data/adult'

[model]
cross_dropout = 0.07623969885728039
d = 197
d_embedding = 163
hidden_dropout = 0.367847757615804
n_cross_layers = 2
n_hidden_layers = 2
stacked = false

[training]
batch_size = 256
eval_batch_size = 8192
lr = 0.0001504843145080851
n_epochs = 1000000000
optimizer = 'adamw'
patience = 16
weight_decay = 0.000123327285667605
