seed = 4

[data]
cat_policy = 'indices'
normalization = 'quantile_normal'
path = 'data/adult'

[model]
cross_dropout = 0.288814374127687
d = 289
d_embedding = 177
hidden_dropout = 0.3608314758403296
n_cross_layers = 6
n_hidden_layers = 4
stacked = false

[training]
batch_size = 256
eval_batch_size = 8192
lr = 0.0004247258554732948
n_epochs = 1000000000
optimizer = 'adamw'
patience = 16
weight_decay = 1.433945276292009e-05
