seed = 1

[data]
normalization = 'quantile'
path = 'data/covtype'

[model]
cross_dropout = 0.2592658537574589
d = 723
hidden_dropout = 0.1329222703171793
n_cross_layers = 9
n_hidden_layers = 11
stacked = false

[training]
batch_size = 1024
eval_batch_size = 8192
lr = 6.293358979190255e-05
n_epochs = 1000000000
optimizer = 'adamw'
patience = 16
weight_decay = 0.0
