seed = 14

[data]
normalization = 'quantile_normal'
path = 'data/covtype'

[model]
cross_dropout = 0.3933237576319877
d = 189
hidden_dropout = 0.0370482291100162
n_cross_layers = 3
n_hidden_layers = 7
stacked = false

[training]
batch_size = 1024
eval_batch_size = 8192
lr = 0.0005921611742177663
n_epochs = 1000000000
optimizer = 'adamw'
patience = 16
weight_decay = 1.153451752820285e-06
