patience = 16
seed = 0

[data]
path = 'data/epsilon'

[model]
boost_rate = 1.0
correct_epoch = 1
epochs_per_stage = 2
hidden_d = 376
num_nets = 40
sparse = false

[training]
eval_batch_size = 8192
lr = 0.006692557918512089
lr_scaler = 3
n_epochs = 1000000000
weight_decay = 0.0008892897979667636
