seed = 8

[data]
path = 'data/epsilon'

[fit]
early_stopping_rounds = 50
verbose = false

[model]
alpha = 21.93689538981808
booster = 'gbtree'
colsample_bylevel = 0.629214380289106
colsample_bytree = 0.7881305154050309
gamma = 0
lambda = 24.08273113769163
learning_rate = 0.0676783587194887
max_depth = 6
min_child_weight = 0.0006768725768542355
n_estimators = 2000
n_jobs = -1
subsample = 0.8936615159471987
tree_method = 'gpu_hist'
