seed = 11

[data]
path = 'data/epsilon'

[model]
batch_momentum = 0.99
feature_dim = 16
num_decision_steps = 9
relaxation_factor = 1.105305304907764
virtual_batch_size = 512

[training]
batch_size = 4096
display_steps = 5
epochs = 50000
grad_thresh = 2000.0
patience = 16
sparsity_loss_weight = 0.01026308699569261

    [training.schedule]
    decay_rate = 0.6799045023118414
    decay_steps = 100
    learning_rate = 0.001176005855047359
