seed = 10

[data]
normalization = 'quantile_normal'
path = 'data/higgs_small'

[model]
cross_dropout = 0.4266649941609447
d = 214
hidden_dropout = 0.1931048435493699
n_cross_layers = 1
n_hidden_layers = 2
stacked = false

[training]
batch_size = 512
eval_batch_size = 8192
lr = 0.0001415951831978203
n_epochs = 1000000000
optimizer = 'adamw'
patience = 16
weight_decay = 0.0
