seed = 10

[data]
path = 'data/epsilon'

[model]
cross_dropout = 0.1628810218121979
d = 895
hidden_dropout = 0.2280777302269384
n_cross_layers = 11
n_hidden_layers = 3
stacked = false

[training]
batch_size = 1024
eval_batch_size = 8192
lr = 1.30234613060909e-05
n_epochs = 1000000000
optimizer = 'adamw'
patience = 16
weight_decay = 0.0004300511665222676
