seed = 14

[data]
path = 'data/epsilon'

[model]
cross_dropout = 0.0
d = 922
hidden_dropout = 0.2794989421468206
n_cross_layers = 2
n_hidden_layers = 3
stacked = false

[training]
batch_size = 1024
eval_batch_size = 8192
lr = 1.280918342659469e-05
n_epochs = 1000000000
optimizer = 'adamw'
patience = 16
weight_decay = 1.110798378792092e-05
