seed = 3

[data]
normalization = 'quantile'
path = 'data/california_housing'
y_policy = 'mean_std'

[model]
cross_dropout = 0.4349835801947125
d = 248
hidden_dropout = 0.2327454292387794
n_cross_layers = 3
n_hidden_layers = 7
stacked = false

[training]
batch_size = 256
eval_batch_size = 8192
lr = 0.0001009730838468397
n_epochs = 1000000000
optimizer = 'adamw'
patience = 16
weight_decay = 0.0004178941373648751
