seed = 10

[data]
path = 'data/higgs_small'

[fit]
early_stopping_rounds = 50
verbose = false

[model]
alpha = 8.950302384061526
booster = 'gbtree'
colsample_bylevel = 0.7765021933636111
colsample_bytree = 0.6182593106549488
gamma = 0
lambda = 0
learning_rate = 0.03939004634630858
max_depth = 10
min_child_weight = 2.801624613343774e-05
n_estimators = 2000
n_jobs = -1
subsample = 0.9541233671638222
tree_method = 'gpu_hist'
