seed = 10

[data]
normalization = 'quantile'
path = 'data/jannis'

[model]
activation = 'relu'
d = 204
d_hidden_factor = 1.176347541077555
hidden_dropout = 0.4540591352225014
n_layers = 7
normalization = 'batchnorm'
residual_dropout = 0.0

[training]
batch_size = 512
eval_batch_size = 8192
lr = 0.008531624023162135
n_epochs = 1000000000
optimizer = 'adamw'
patience = 16
weight_decay = 1.573734752532542e-06
