seed = 3

[data]
path = 'data/epsilon'

[fit]
early_stopping_rounds = 50
verbose = false

[model]
alpha = 0
booster = 'gbtree'
colsample_bylevel = 0.6530245350549861
colsample_bytree = 0.71042648155817
gamma = 0
lambda = 68.57112574713152
learning_rate = 0.06644374751510743
max_depth = 6
min_child_weight = 2.218747623529772
n_estimators = 2000
n_jobs = -1
subsample = 0.9629921249314952
tree_method = 'gpu_hist'
