seed = 4

[data]
normalization = 'quantile_normal'
path = 'data/covtype'

[model]
d_layers = [ 278, 669, 669, 669, 669, 669, 235 ]
dropout = 0.2310943220549955

[training]
batch_size = 1024
eval_batch_size = 8192
lr = 0.0002001667056702558
n_epochs = 1000000000
optimizer = 'adamw'
patience = 16
weight_decay = 1.002986462198073e-05
