seed = 7

[data]
path = 'data/california_housing'
y_policy = 'mean_std'

[fit]
early_stopping_rounds = 50
verbose = false

[model]
alpha = 3.561307653096638e-08
booster = 'gbtree'
colsample_bylevel = 0.9386585839364029
colsample_bytree = 0.6982640721679332
gamma = 0.0004073044246625506
lambda = 0
learning_rate = 0.01692663318141898
max_depth = 7
min_child_weight = 4.938577932813415e-07
n_estimators = 2000
n_jobs = -1
subsample = 0.8809410504096843
tree_method = 'gpu_hist'
