seed = 11

[data]
path = 'data/epsilon'

[model]
d_layers = [ 2, 385, 425 ]
dropout = 0.0

[training]
batch_size = 1024
eval_batch_size = 8192
lr = 5.574400418852433e-05
n_epochs = 1000000000
optimizer = 'adamw'
patience = 16
weight_decay = 0.0008593696047023626
