seed = 12

[data]
normalization = 'standard'
path = 'data/aloi'

[model]
cross_dropout = 0.398557690256224
d = 329
hidden_dropout = 0.128724063745565
n_cross_layers = 1
n_hidden_layers = 3
stacked = false

[training]
batch_size = 512
eval_batch_size = 8192
lr = 0.0001471031373975346
n_epochs = 1000000000
optimizer = 'adamw'
patience = 16
weight_decay = 0.0
