seed = 2

[data]
normalization = 'quantile'
path = 'data/higgs_small'

[model]
activation = 'relu'
d = 266
d_hidden_factor = 1.330457169042573
hidden_dropout = 0.3473780108857106
n_layers = 3
normalization = 'batchnorm'
residual_dropout = 0.1478460640899281

[training]
batch_size = 512
eval_batch_size = 8192
lr = 0.001377976313474588
n_epochs = 1000000000
optimizer = 'adamw'
patience = 16
weight_decay = 0.0
