seed = 2

[data]
normalization = 'quantile_normal'
path = 'data/higgs_small'

[model]
activation = 'reglu'
attention_dropout = 0.07483743359184158
d_ffn_factor = 1.111309443169842
d_token = 200
ffn_dropout = 0.4718740392573121
initialization = 'kaiming'
n_heads = 8
n_layers = 2
prenormalization = true
residual_dropout = 0.0

[training]
batch_size = 512
eval_batch_size = 8192
lr = 5.236194873419148e-05
n_epochs = 1000000000
optimizer = 'adamw'
patience = 16
weight_decay = 2.046896396312669e-05
