seed = 9

[data]
normalization = 'quantile_normal'
path = 'data/higgs_small'

[model]
activation = 'reglu'
attention_dropout = 0.1124010457405039
d_ffn_factor = 0.9630799636852668
d_token = 200
ffn_dropout = 0.3448094274281251
initialization = 'kaiming'
n_heads = 8
n_layers = 2
prenormalization = true
residual_dropout = 0.0

[training]
batch_size = 512
eval_batch_size = 8192
lr = 4.998367819812044e-05
n_epochs = 1000000000
optimizer = 'adamw'
patience = 16
weight_decay = 5.140788349153262e-05
