seed = 1

[data]
normalization = 'quantile'
path = 'data/jannis'

[model]
batch_momentum = 0.95
feature_dim = 32
num_decision_steps = 3
relaxation_factor = 1.214627495376924
virtual_batch_size = 256

[training]
batch_size = 8192
display_steps = 100
epochs = 50000
grad_thresh = 2000.0
patience = 16
sparsity_loss_weight = 3.678042030112393e-06

    [training.schedule]
    decay_rate = 0.8924464852232454
    decay_steps = 2000
    learning_rate = 0.002645372415318694
