seed = 11

[data]
normalization = 'quantile'
path = 'data/jannis'

[model]
batch_momentum = 0.95
feature_dim = 32
num_decision_steps = 4
relaxation_factor = 1.029882586611984
virtual_batch_size = 256

[training]
batch_size = 8192
display_steps = 100
epochs = 50000
grad_thresh = 2000.0
patience = 16
sparsity_loss_weight = 0.00663194540027488

    [training.schedule]
    decay_rate = 0.6249197298287915
    decay_steps = 2000
    learning_rate = 0.001024674462849368
