seed = 10

[data]
path = 'data/jannis'

[fit]
early_stopping_rounds = 50
verbose = false

[model]
alpha = 0
booster = 'gbtree'
colsample_bylevel = 0.7493804882588004
colsample_bytree = 0.8251003541319095
gamma = 0
lambda = 8.554230986483724e-08
learning_rate = 0.01411958036035892
max_depth = 10
min_child_weight = 0.6045775651947137
n_estimators = 2000
n_jobs = -1
subsample = 0.8993776617374062
tree_method = 'gpu_hist'
