seed = 7

[data]
path = 'data/jannis'

[fit]
early_stopping_rounds = 50
verbose = false

[model]
alpha = 0.02458464018639696
booster = 'gbtree'
colsample_bylevel = 0.7197846029757624
colsample_bytree = 0.7919741544998828
gamma = 0
lambda = 0
learning_rate = 0.06165218405721121
max_depth = 9
min_child_weight = 0.02515115170113982
n_estimators = 2000
n_jobs = -1
subsample = 0.999756118915303
tree_method = 'gpu_hist'
