seed = 5

[data]
cat_policy = 'ohe'
path = 'data/adult'

[fit]
early_stopping_rounds = 50
verbose = false

[model]
alpha = 2.1416012244488e-05
booster = 'gbtree'
colsample_bylevel = 0.6484087424529894
colsample_bytree = 0.5885979303691824
gamma = 0.004854315524317224
lambda = 0
learning_rate = 0.08354896395947201
max_depth = 5
min_child_weight = 1.503859054796124
n_estimators = 2000
n_jobs = -1
subsample = 0.6730675278498084
tree_method = 'gpu_hist'
