seed = 8

[data]
cat_policy = 'ohe'
path = 'data/adult'

[fit]
early_stopping_rounds = 50
verbose = false

[model]
alpha = 0
booster = 'gbtree'
colsample_bylevel = 0.617272713203309
colsample_bytree = 0.5411307302074724
gamma = 0
lambda = 2.936612875585434e-08
learning_rate = 0.0279777241489622
max_depth = 10
min_child_weight = 4.058438699016036
n_estimators = 2000
n_jobs = -1
subsample = 0.9532294000425751
tree_method = 'gpu_hist'
