seed = 13

[data]
normalization = 'quantile'
path = 'data/higgs_small'

[model]
activation = 'relu'
d = 283
d_hidden_factor = 1.473558334668785
hidden_dropout = 0.3060653664550988
n_layers = 6
normalization = 'batchnorm'
residual_dropout = 0.0529314498019524

[training]
batch_size = 512
eval_batch_size = 8192
lr = 0.004796478909146671
n_epochs = 1000000000
optimizer = 'adamw'
patience = 16
weight_decay = 0.0
