seed = 4

[data]
normalization = 'standard'
path = 'data/aloi'

[model]
d_layers = [ 415, 499 ]
dropout = 0.1509950004266268

[training]
batch_size = 512
eval_batch_size = 8192
lr = 0.0002161505605899536
n_epochs = 1000000000
optimizer = 'adamw'
patience = 16
weight_decay = 0.0
