seed = 5

[data]
normalization = 'standard'
path = 'data/aloi'

[model]
d_layers = [ 243, 496, 496, 496, 496, 496, 496, 427 ]
dropout = 0.0336029299829681

[training]
batch_size = 512
eval_batch_size = 8192
lr = 5.521830228959468e-05
n_epochs = 1000000000
optimizer = 'adamw'
patience = 16
weight_decay = 0.0
