seed = 10

[data]
path = 'data/year'
y_policy = 'mean_std'

[fit]
early_stopping_rounds = 50
verbose = false

[model]
alpha = 4.156821052157599
booster = 'gbtree'
colsample_bylevel = 0.5158660163078297
colsample_bytree = 0.8046988288528175
gamma = 8.943687470645634e-08
lambda = 0
learning_rate = 0.07320187376842328
max_depth = 9
min_child_weight = 1.75678429701778
n_estimators = 2000
n_jobs = -1
subsample = 0.8277066886890202
tree_method = 'gpu_hist'
