seed = 12

[data]
normalization = 'quantile'
path = 'data/covtype'

[model]
d_layers = [ 65, 674, 674, 674, 674, 674, 1023 ]
dropout = 0.02203084151141704

[training]
eval_batch_size = 8192
lr = 5.911488798215244e-05
lr_n_decays = 0
n_epochs = 1000000000
optimizer = 'adamw'
patience = 16
weight_decay = 4.57346920082239e-05
