seed = 11

[data]
normalization = 'standard'
path = 'data/helena'

[model]
activation = 'reglu'
attention_dropout = 0.02124664264260197
d_ffn_factor = 2.007965840708826
d_token = 512
ffn_dropout = 0.1825150176311774
initialization = 'kaiming'
n_heads = 8
n_layers = 2
prenormalization = true
residual_dropout = 0.0

[training]
batch_size = 512
eval_batch_size = 8192
lr = 1.417693328068533e-05
n_epochs = 1000000000
optimizer = 'adamw'
patience = 16
weight_decay = 5.155695735419175e-05
