seed = 10

[data]
normalization = 'quantile'
path = 'data/jannis'

[model]
cross_dropout = 0.06222624492633032
d = 259
hidden_dropout = 0.2389864776095916
n_cross_layers = 1
n_hidden_layers = 2
stacked = false

[training]
batch_size = 512
eval_batch_size = 8192
lr = 0.00057450343575662
n_epochs = 1000000000
optimizer = 'adamw'
patience = 16
weight_decay = 0.0
