seed = 11

[data]
normalization = 'quantile'
path = 'data/yahoo'
y_policy = 'mean_std'

[model]
cross_dropout = 0.4855058653707521
d = 987
hidden_dropout = 0.3291688342035526
n_cross_layers = 1
n_hidden_layers = 5
stacked = false

[training]
batch_size = 1024
eval_batch_size = 8192
lr = 3.626056553220886e-05
n_epochs = 1000000000
optimizer = 'adamw'
patience = 16
weight_decay = 7.034746526492406e-05
