seed = 0

[data]
normalization = 'standard'
path = 'data/helena'

[model]
d_layers = [ 441, 209, 382 ]
dropout = 0.2697044507316503

[training]
batch_size = 512
eval_batch_size = 8192
lr = 0.0005075419386838162
n_epochs = 1000000000
optimizer = 'adamw'
patience = 16
weight_decay = 0.0004878545209148741
