seed = 0

[data]
normalization = 'quantile_normal'
path = 'data/covtype'

[model]
activation = 'relu'
d = 406
d_hidden_factor = 1.164385290944771
hidden_dropout = 0.4081833461717396
n_layers = 15
normalization = 'batchnorm'
residual_dropout = 0.0

[training]
batch_size = 1024
eval_batch_size = 8192
lr = 0.00314968049636975
n_epochs = 1000000000
optimizer = 'adamw'
patience = 16
weight_decay = 0.0001020446183740754
